M 32 2
C 17.5 2 9.6 11 9.6 22.9
V 60
h 44.8
V 22.9
c 0 -17.7 -12.1 -17.3 -12.1 -17.3
S 41.4 2 32 2
z

M 42.5 51.6
h .9
v -5.7
c 0 -5.5 -4.4 -9.8 -11.6 -9.8
  -6.9 0 -11.6 4.4- 11.6 9.8
v 5.7
h 1.2
C 20 53.3 18.7 57 20 59.2
c .5 .9 5.9 4.2 6.4 -1.6
h 11.1
c .5 5.8 5.9 2.5 6.4 1.6
  1.3 -2.2 .1 -5.9 -1.4 -7.6

M 32 2
c -13.4 0 -20.8 8.5 -20.8 19.7
v 22.7
h 41.6
V 21.7 
C 52.8 5 41.6 5.3 41.6 5.3
S 40.7 2 32 2
z

M 16.4 18.3
l 1.6 2.9
h 28
l 1.2 -3.1
c 0 -11.2 -2.6 -16 -15.1 -16.1
  -12.5 -.1 -15.7 4.9 -15.7 16.3

M 22.4 16.7
l 1.4 2.6
h 25.1
l 1.1 -2.8
C 50 6.4 47.6 2.1 36.5 2
c -11.3 -.1 -14.1 4.4 -14.1 14.7
z









